1.3584734750911593
2.4685647133737803
0.11608785297721624
0.1884629251435399
0.17363901436328888
0.20979390386492014
0.1968028824776411
0.21761280857026577
0.22634227946400642
0.2200704338029027
0.2176253404468298
0.214470568113029
0.2153163943439722
0.22324072569608688
0.22542652115225792
0.207705894485116
0.20543075073510408
0.2144419653341174
0.21529880166053772
0.20407946221530437
0.20571998693048954
0.21194913052022457
0.20845313370227814
0.2009970946237445
0.11509875673800707
0.19017620850354433
0.1741730635985732
0.20502926409244537
0.1881117718294263
0.21685822308063507
0.23193239606916904
0.20659743156284094
0.2043702807277441
0.2125487020239234
0.20556061621755362
0.2151161665096879
0.20953078754246235
0.20966998022049665
0.21576524153351784
0.21514570247381926
0.21276537142693996
0.21303243469446898
0.22179952636361122
0.20051210094243288
0.18552271742373705
0.21449837926775217
0.21882611699402332
0.1995324119925499
0.1058347662910819
0.20398964174091816
0.1725182505324483
0.21893404982984066
0.23065768089145422
0.21353409066796303
0.21125927940011024
0.2114006858319044
0.21081503108143806
0.21086913254112005
0.214894138276577
0.21549649350345135
0.21469607390463352
0.20351104903966188
0.20444283727556467
0.20941847562789917
0.1964133270084858
0.2102273916825652
0.2150921206921339
0.2112697083503008
0.21616938337683678
0.2148970142006874
0.21652093809098005
0.2019366379827261
0.1214668620377779
0.1916738748550415
0.16470654029399157
0.1991689559072256
0.1916580842807889
0.21598129905760288
0.22255834937095642
0.19882194139063358
0.19501685071736574
0.19701617397367954
0.1944962190464139
0.20698042586445808
0.20448998641222715
0.2059644591063261
0.20614170283079147
0.21089240722358227
0.20796265918761492
0.21240901853889227
0.21283328905701637
0.20865235105156898
0.20759681891649961
0.20804007537662983
0.21145991701632738
0.20683884900063276
0.12108591478317976
0.1925045819953084
0.15871957316994667
0.21749904286116362
0.22189931478351355
0.20761690568178892
0.2092021480202675
0.20947239641100168
0.20363552309572697
0.2052031820639968
0.2036995952948928
0.20386838354170322
0.20356682408601046
0.20681337919086218
0.2110361885279417
0.19991296995431185
0.19692022260278463
0.21413420420140028
0.20919783879071474
0.2150082029402256
0.22092080861330032
0.20280805323272943
0.20421678107231855
0.1974239330738783
0.10786316357553005
0.19793755188584328
0.1668346058577299
0.20958254486322403
0.21850355807691813
0.21753277629613876
0.21959183178842068
0.20780646428465843
0.19313229620456696
0.21556541416794062
0.22010843735188246
0.2140102405101061
0.21885108295828104
0.2137868581339717
0.21359095815569162
0.21590871177613735
0.219131994061172
0.20533771626651287
0.19883480481803417
0.21323614940047264
0.20989843178540468
0.212099133990705
0.2091730535030365
0.2081137727946043
0.1152043454349041
0.1903996905311942
0.1550309844315052
0.2117781387642026
0.21199544798582792
0.21343550458550453
0.21525428630411625
0.21495725773274899
0.2209885073825717
0.2081680055707693
0.19745993055403233
0.212845241650939
0.22669683769345284
0.20953288115561008
0.2028515450656414
0.21446220204234123
0.20694019924849272
0.219793401658535
0.22620957903563976
0.2207398284226656
0.22469595167785883
0.20982593391090631
0.2080588098615408
0.2028898373246193
0.12041253317147493
0.18998221214860678
0.1607278622686863
0.21150562353432178
0.20961452554911375
0.20839769020676613
0.20411423780024052
0.2057792693376541
0.20227190107107162
0.21378801111131907
0.21651169005781412
0.217418541200459
0.2197354920208454
0.2061772495508194
0.2064934065565467
0.20916309393942356
0.20141481421887875
0.21686313301324844
0.22329826466739178
0.2061168160289526
0.20411053951829672
0.20952791161835194
0.20851900801062584
0.20737993996590376
0.12011010199785233
0.19025794230401516
0.1533104469999671
0.2160881608724594
0.20928973145782948
0.21126105170696974
0.21038322616368532
0.20917304325848818
0.2045036619529128
0.21976997796446085
0.22373013943433762
0.21594469994306564
0.21858089417219162
0.21269978675991297
0.20467782020568848
0.21581644751131535
0.2212775330990553
0.2110622264444828
0.20306989643722773
0.21982011385262012
0.22174238041043282
0.22113190777599812
0.23477854765951633
0.20155901554971933
0.10543346032500267
0.19352005701512098
0.17354104947298765
0.21616739965975285
0.2213131794705987
0.20738672278821468
0.1940190689638257
0.21094947401434183
0.217071445658803
0.21633417438715696
0.20828931499272585
0.21561240311712027
0.21717186458408833
0.21004370599985123
0.20707181841135025
0.2083592675626278
0.21464316360652447
0.21398030314594507
0.21773260366171598
0.2049347860738635
0.20355414133518934
0.20687419455498457
0.2111391630023718
0.20397761836647987
0.11589503940194845
0.19631508085876703
0.1675270115956664
0.2161896713078022
0.21473101992160082
0.21444782614707947
0.22174208890646696
0.20690438151359558
0.20617300271987915
0.2075373763218522
0.19554018881171942
0.21168108470737934
0.215538052842021
0.21435294672846794
0.21835434529930353
0.20919819921255112
0.20787281915545464
0.21819356363266706
0.21322025917470455
0.21137796249240637
0.21502105705440044
0.21593888849020004
0.21719619259238243
0.21492490638047457
0.11804626788944006
0.19097365252673626
0.15675538778305054
0.21071580424904823
0.21305318363010883
0.20170572120696306
0.19743773993104696
0.21549974102526903
0.2191951321437955
0.2074904888868332
0.20618198812007904
0.2053927294909954
0.19988432619720697
0.2146350583061576
0.20606715232133865
0.2134821740910411
0.21601468231528997
0.21086227055639029
0.22607524506747723
0.192954340018332
0.1890545915812254
0.20596507005393505
0.1962194312363863
0.21113003510981798
0.1281153466552496
0.1850341660901904
0.14493804890662432
0.20428081136196852
0.20203461311757565
0.21485239919275045
0.21300016343593597
0.21614482812583447
0.21565789729356766
0.21369581762701273
0.20338397938758135
0.22107183374464512
0.23882477264851332
0.19853384792804718
0.194837873801589
0.1816374771296978
0.1489069191738963
0.20952473767101765
0.2063098894432187
0.21307002659887075
0.21197186410427094
0.21646762639284134
0.21682025026530027
0.2109637511894107
0.09972210321575403
0.19977866765111685
0.1959548918530345
0.19682537391781807
0.1773453876376152
0.21046661399304867
0.21133864857256413
0.21433896012604237
0.2255126228556037
0.21072473097592592
0.19906933791935444
0.21132966224104166
0.2051247339695692
0.22331993654370308
0.22391063999384642
0.2155999494716525
0.2306901728734374
0.20471782609820366
0.20639327727258205
0.20029341802001
0.1928159585222602
0.20823751855641603
0.20907101035118103
0.20468005537986755
0.11661032773554325
0.18832693900913
0.1494028940796852
0.2172418376430869
0.2283440763130784
0.2163925152271986
0.21574039477854967
0.21787583362311125
0.2137187598273158
0.21429194137454033
0.21118136309087276
0.21020734403282404
0.2113537471741438
0.2111306358128786
0.21297546662390232
0.21351022645831108
0.215996777638793
0.2069211434572935
0.20113075710833073
0.2141626961529255
0.2059325985610485
0.21653336100280285
0.21620719507336617
0.20471253618597984
0.10467968601733446
0.1907693473622203
0.16217587422579527
0.2095308769494295
0.2212602198123932
0.20516897831112146
0.1941357497125864
0.2117721363902092
0.21376412454992533
0.21133783645927906
0.20462284702807665
0.2097953474149108
0.21246502548456192
0.21190947480499744
0.21553467586636543
0.21239398047327995
0.2133935960009694
0.21356920711696148
0.2035214388743043
0.2169083682820201
0.2317924126982689
0.20571072958409786
0.19828503858298063
0.21121815219521523
0.11963566672056913
0.1900734342634678
0.15542887430638075
0.2156652919948101
0.21306442469358444
0.21835719235241413
0.21710915677249432
0.2176177278161049
0.21842784620821476
0.21700143441557884
0.21405743900686502
0.2160679316148162
0.2101985178887844
0.21099041029810905
0.2072830768302083
0.21663859952241182
0.21932210307568312
0.217498991638422
0.22772705182433128
0.20568803697824478
0.1959921522065997
0.21203881036490202
0.21275608334690332
0.21218784153461456
0.11556281335651875
0.19597136322408915
0.15918638370931149
0.21077337209135294
0.2200987981632352
0.2043447019532323
0.19563914649188519
0.214441885240376
0.20633798278868198
0.21110238321125507
0.21230629459023476
0.20793814212083817
0.2128409342840314
0.2101183058694005
0.2110750414431095
0.21551291551440954
0.21840085461735725
0.21842444781214
0.21779950987547636
0.20422026701271534
0.19700210820883512
0.21348445769399405
0.2060999646782875
0.2119532385841012
0.12360316421836615
0.18243701569736004
0.12910868134349585
0.21974439825862646
0.2311403714120388
0.21442101523280144
0.2150127924978733
0.20594533160328865
0.1928759627044201
0.22020413540303707
0.2267271550372243
0.19983697682619095
0.19763145502656698
0.21293312683701515
0.21032381430268288
0.21559059154242277
0.2172788567841053
0.21340698190033436
0.21813103463500738
0.20227677002549171
0.20004896633327007
0.20313440822064877
0.2063657958060503
0.20128201320767403
0.11283352319151163
0.1889315489679575
0.15456556528806686
0.21177859883755445
0.21956889797002077
0.20728093292564154
0.2091071791946888
0.21633362397551537
0.2024679509922862
0.22050172835588455
0.22555425204336643
0.21150378044694662
0.20763936825096607
0.22137045674026012
0.2190354522317648
0.21943472605198622
0.2233104184269905
0.21174409426748753
0.2075434783473611
0.218811790458858
0.22024787031114101
0.21814088430255651
0.22067740000784397
0.2105431379750371
0.1078910967335105
0.19825656339526176
0.16375665832310915
0.2179902484640479
0.2244007047265768
0.2174582565203309
0.22353502176702023
0.21654929034411907
0.20706769078969955
0.21470155380666256
0.23250702116638422
0.1946125691756606
0.18259968236088753
0.21300450153648853
0.21542270481586456
0.213796466588974
0.2079264111816883
0.21512645576149225
0.20862061064690351
0.22176318895071745
0.22069651633501053
0.21892798878252506
0.22812302876263857
0.21195921953767538
0.11856236215680838
0.19104244280606508
0.1458552200347185
0.21340176090598106
0.21174814272671938
0.2126523870974779
0.2116213832050562
0.21878257393836975
0.22229936067014933
0.2140383217483759
0.2081760112196207
0.21346034295856953
0.2197695765644312
0.2168671414256096
0.21721405442804098
0.21126153320074081
0.20742459315806627
0.21010798681527376
0.21438622940331697
0.21738386433571577
0.2149220509454608
0.21479313727468252
0.21639655251055956
0.2050344431772828
0.12705241236835718
0.18289056979119778
0.13926186878234148
0.21222818735986948
0.20470058359205723
0.2223893804475665
0.22772167064249516
0.2131114937365055
0.2079655146226287
0.21112090721726418
0.21800236217677593
0.21294322703033686
0.2005423679947853
0.21781550906598568
0.22196544986218214
0.21272509451955557
0.2065416071563959
0.21162356715649366
0.22075345274060965
0.2080743182450533
0.21173921506851912
0.19563891552388668
0.1874157302081585
0.2043202854692936
0.11978871654719114
0.19032985717058182
0.15198398381471634
0.2147183259949088
0.21092723216861486
0.2100241482257843
0.21615650970488787
0.21653567347675562
0.21197690442204475
0.21038408763706684
0.20673694647848606
0.20986777264624834
0.2106024194508791
0.2109137773513794
0.2180175418034196
0.2046109838411212
0.20311154518276453
0.21705759968608618
0.2182147027924657
0.21778762619942427
0.2139298478141427
0.20707695838063955
0.20757460687309504
0.20448860432952642
0.11736409086734056
0.1879679011180997
0.14887467678636312
0.21098075434565544
0.20684835594147444
0.2124507874250412
0.22176803648471832
0.2175281783565879
0.21496142446994781
0.21392664313316345
0.21303617116063833
0.2171542625874281
0.21412994619458914
0.21535101998597383
0.21278995648026466
0.215815675444901
0.21434200555086136
0.21479336824268103
0.2140966420993209
0.2102422509342432
0.2088008699938655
0.21187253575772047
0.22354307677596807
0.20283659640699625
0.11617465689778328
0.19912279024720192
0.158786129206419
0.21820326149463654
0.2227258551865816
0.21075143106281757
0.20942095946520567
0.21182489581406116
0.21579963620752096
0.21416887920349836
0.20692078303545713
0.2096735369414091
0.21100114192813635
0.21216744184494019
0.2077492456883192
0.21905191335827112
0.21793231088668108
0.2186874644830823
0.22066760249435902
0.2100523402914405
0.22530713584274054
0.20011933986097574
0.18581412732601166
0.2072425801306963
0.10477450583130121
0.19488445203751326
0.17592204175889492
0.2162037780508399
0.2083437480032444
0.20875993371009827
0.2122913170605898
0.2122862972319126
0.21444238629192114
0.21420399472117424
0.2027020836248994
0.2180999768897891
0.22653852961957455
0.2118159094825387
0.21764415688812733
0.20653990376740694
0.19377092085778713
0.20977625995874405
0.21088060550391674
0.20871648099273443
0.21276923827826977
0.21610806789249182
0.22655374836176634
0.19627021625638008
0.12761428207159042
0.18261292669922113
0.14762935787439346
0.20670695044100285
0.20626803115010262
0.20679835230112076
0.19777353294193745
0.21389938052743673
0.21859145443886518
0.20649230480194092
0.20419117249548435
0.21445016004145145
0.21587600000202656
0.21776391193270683
0.210764205083251
0.2119687171652913
0.21944281086325645
0.2071766760200262
0.20319592393934727
0.21404132805764675
0.20888790488243103
0.2111185323446989
0.2162833884358406
0.21482161059975624
0.12125436123460531
0.18862609285861254
0.148480374366045
0.21304973680526018
0.21274289768189192
0.21138341445475817
0.21901956107467413
0.20704380422830582
0.2059936234727502
0.20467700995504856
0.20355282817035913
0.20540454238653183
0.20572920516133308
0.20655309967696667
0.20126252621412277
0.20477299112826586
0.20382508169859648
0.205261311493814
0.1999771911650896
0.2140066036954522
0.21865023579448462
0.20683183521032333
0.2018157709389925
0.21360191982239485
0.11929221916943789
0.18941037356853485
0.15847319830209017
0.2170149488374591
0.20596830546855927
0.2101657446473837
0.2212338801473379
0.20467414427548647
0.20183704048395157
0.20602143555879593
0.20635022688657045
0.20760926231741905
0.2031657686457038
0.2141121830791235
0.20467405393719673
0.21269966661930084
0.21410265378654003
0.2085456494241953
0.22181770205497742
0.2077668495476246
0.2125301668420434
0.19923856668174267
0.19432160910218954
0.1947794333100319
0.11355666723102331
0.19627948384732008
0.16267983615398407
0.21249360777437687
0.21227758936583996
0.21202356088906527
0.20563973672688007
0.21966978907585144
0.2312546782195568
0.21708866860717535
0.20595457032322884
0.21338352654129267
0.22173808049410582
0.20734494272619486
0.19810112100094557
0.21456009708344936
0.21848798915743828
0.2115752249956131
0.21357626002281904
0.2130231773480773
0.2091731932014227
0.22074055764824152
0.2324844179674983
0.2052643485367298
0.11952945590019226
0.19003694597631693
0.15739926230162382
0.21674782503396273
0.2164878435432911
0.21650756243616343
0.21530642453581095
0.2138397479429841
0.20457093883305788
0.21231578197330236
0.21479871775954962
0.21127786580473185
0.2159456117078662
0.2138007953763008
0.211834323592484
0.21553465630859137
0.2083238996565342
0.21668965555727482
0.2169303698465228
0.20998728834092617
0.20650137215852737
0.2216881662607193
0.22175641544163227
0.21636168658733368
0.10226280707865953
0.20071709621697664
0.17879159655421972
0.21358087938278913
0.20698717795312405
0.22103919368237257
0.2226386209949851
0.21461706515401602
0.21751784905791283
0.2148784175515175
0.22248010244220495
0.20616537798196077
0.20155690051615238
0.21569136157631874
0.21313665062189102
0.20940451882779598
0.20509419683367014
0.21172133088111877
0.20814653486013412
0.214895729906857
0.215975197032094
0.20889683067798615
0.20755522977560759
0.20740691013634205
0.11813032627105713
0.1861904365941882
0.14562042709439993
0.20988185983151197
0.22393515706062317
0.1979063432663679
0.18319862242788076
0.21101436857134104
0.20912999100983143
0.2177785700187087
0.22887812368571758
0.20692814700305462
0.20731321349740028
0.20464266370981932
0.19281747192144394
0.21095526590943336
0.2177924569696188
0.21546130813658237
0.2215941296890378
0.20794928446412086
0.20830705855041742
0.20680814143270254
0.18897560238838196
0.21449019480496645
0.11771260760724545
0.19066200405359268
0.1487956577911973
0.2202855907380581
0.23582311812788248
0.2063631098717451
0.1912044482305646
0.22064607124775648
0.22035547252744436
0.21667562890797853
0.21473129000514746
0.22227934375405312
0.22131094615906477
0.21788652427494526
0.22369691729545593
0.2104774322360754
0.21304210275411606
0.21309237740933895
0.2064967630431056
0.22053266689181328
0.21883513312786818
0.21169882826507092
0.21503594517707825
0.20795569568872452
0.122763367369771
0.1906042555347085
0.14446540735661983
0.2122181784361601
0.22471676114946604
0.20337777864187956
0.20937442313879728
0.1956785088405013
0.18353729043155909
0.20868460275232792
0.20829453505575657
0.21412002760916948
0.21402979735285044
0.21614203229546547
0.21184545569121838
0.21348089165985584
0.21032994519919157
0.2101533431559801
0.2097632260993123
0.21275852713733912
0.21113169845193624
0.2127890456467867
0.2083579646423459
0.20791930705308914
0.11595807783305645
0.19986914657056332
0.16513712238520384
0.209652797318995
0.20394925586879253
0.21676818374544382
0.23287426307797432
0.20675996039062738
0.20330499112606049
0.20729522965848446
0.20251761376857758
0.21793429367244244
0.21025060582906008
0.2111336514353752
0.21500554773956537
0.21460158564150333
0.2047899728640914
0.21541227493435144
0.22398739494383335
0.21476136706769466
0.2142663737758994
0.214179209433496
0.2089281901717186
0.21436174120754004
0.11891123000532389
0.1888554049655795
0.15233211126178503
0.21328589227050543
0.20620886888355017
0.20844287518411875
0.21061795949935913
0.21118818502873182
0.20930197555571795
0.21006736997514963
0.20566058438271284
0.22145817335695028
0.23218392115086317
0.20818879641592503
0.204372214153409
0.21490289457142353
0.21412757132202387
0.21468296833336353
0.2051694579422474
0.20858020428568125
0.22392279282212257
0.19645897299051285
0.18349946942180395
0.20834634359925985
0.10033172275871038
0.19943492859601974
0.17632780876010656
0.21611266676336527
0.215199563652277
0.20762823801487684
0.2148650325834751
0.20468381233513355
0.20741967484354973
0.20783689059317112
0.20729648042470217
0.20464618038386106
0.20489716436713934
0.20768103748559952
0.20877298805862665
0.21082882769405842
0.2080955095589161
0.2041990365833044
0.2036111280322075
0.20770746748894453
0.20951672084629536
0.2082769824191928
0.19704102259129286
0.21050335187464952
0.1031316863372922
0.20046620443463326
0.17418773006647825
0.21696896199136972
0.2169333752244711
0.20722462609410286
0.20478597469627857
0.21658542845398188
0.21749987360090017
0.21587233431637287
0.21449555549770594
0.20915059931576252
0.2072967430576682
0.21458673663437366
0.21757852286100388
0.21102693025022745
0.2119752299040556
0.21010508108884096
0.20693460945039988
0.21102346386760473
0.20983754564076662
0.2087158802896738
0.21719396580010653
0.2020455338060856
0.11718351021409035
0.18753866106271744
0.15511716715991497
0.21478464175015688
0.21161778550595045
0.21203903015702963
0.21518985461443663
0.21697955299168825
0.20954736787825823
0.2099415333941579
0.2207816867157817
0.19757499918341637
0.19974932074546814
0.1950520994141698
0.18804873432964087
0.20508140232414007
0.1976316049695015
0.21241849660873413
0.21507040970027447
0.2175153438001871
0.21691823657602072
0.20352292153984308
0.19878227729350328
0.20713122002780437
0.11398488469421864
0.1967703104019165
0.1730310870334506
0.2082613930106163
0.20718163531273603
0.20929928962141275
0.20595739502459764
0.21708601340651512
0.2156048584729433
0.21414476353675127
0.20280849281698465
0.22072433773428202
0.22568590939044952
0.2114864569157362
0.21031069941818714
0.21014857292175293
0.21643674839287996
0.2043232722207904
0.20795645657926798
0.14078925177454948
0.1380753004923463
0.13732779026031494
0.14723578374832869
0.13504208717495203
0.12384149245917797
0.1517142653465271
0.10355524532496929
0.1387377306818962
0.13564838096499443
0.14716618414968252
0.1543502090498805
0.13502032589167356
0.1276031108573079
0.1396207557991147
0.14536993484944105
0.1557496590539813
0.1508506266400218
0.15681940782815218
0.15422949101775885
0.15733683481812477
0.15316587407141924
0.1653043581172824
0.16840443667024374
0.16057238075882196
0.16215276159346104
0.2056220220401883
0.19630160555243492
0.20758177991956472
0.1077657900750637
0.19760616682469845
0.16764196939766407
0.2116313111037016
0.21328483056277037
0.21201166976243258
0.2135140122845769
0.21235752198845148
0.21084645949304104
0.21097390167415142
0.20308689773082733
0.21912288665771484
0.2198673514649272
0.21752089355140924
0.22696434147655964
0.21443323697894812
0.21519033703953028
0.21376572828739882
0.207018687389791
0.21027318853884935
0.2172345332801342
0.20450128708034754
0.2025928869843483
0.21463846508413553
0.10685901902616024
0.1965039875358343
0.16940041538327932
0.21158511377871037
0.20817654207348824
0.21804835926741362
0.22025262750685215
0.20952147152274847
0.21456574741750956
0.21604450792074203
0.20590728055685759
0.20967525988817215
0.2101842202246189
0.21974648255854845
0.22263790853321552
0.2143502915278077
0.20998918265104294
0.20957052242010832
0.20951110031455755
0.20913725532591343
0.2050625067204237
0.2151432279497385
0.21780952904373407
0.20718033146113157
0.11803858447819948
0.18877865094691515
0.1470902906730771
0.218249399214983
0.2159677529707551
0.22049808129668236
0.22614062763750553
0.21148502454161644
0.20590537693351507
0.21556821931153536
0.2223358191549778
0.2085047122091055
0.20174869429320097
0.2196126114577055
0.21777478326112032
0.21594579331576824
0.2202326711267233
0.21075282339006662
0.20988913346081972
0.21951196156442165
0.22093173023313284
0.20891189016401768
0.21109042037278414
0.21002923790365458
0.12398139759898186
0.18903938308358192
0.15587605815380812
0.20730384439229965
0.21043525449931622
0.20660509634763002
0.20460307970643044
0.20702766440808773
0.2071943385526538
0.20524228643625975
0.2026955597102642
0.20772789604961872
0.2068952852860093
0.20656038261950016
0.20670765079557896
0.20316318329423666
0.1983165182173252
0.20618060696870089
0.20803205948323011
0.20982861891388893
0.21539300959557295
0.1978470515459776
0.18821206036955118
0.2135888235643506
0.12022244371473789
0.19047305826097727
0.1493625771254301
0.21084497775882483
0.21215499937534332
0.21745894569903612
0.22162268217653036
0.2154897516593337
0.21739576756954193
0.20622342731803656
0.20434397086501122
0.219155577942729
0.20985882636159658
0.20944414380937815
0.21299601532518864
0.2158776130527258
0.21439986396580935
0.2149491012096405
0.21788135450333357
0.21238721814006567
0.20735236629843712
0.212090527638793
0.20681050512939692
0.21636261884123087
0.10794839542359114
0.19151190761476755
0.15959570743143559
0.21663261763751507
0.21894182451069355
0.2088059801608324
0.2054612673819065
0.2196800084784627
0.2241468857973814
0.20978482719510794
0.2040891805663705
0.21843761391937733
0.22509567718952894
0.20915854442864656
0.2046936610713601
0.20855581853538752
0.20621835719794035
0.21786581445485353
0.2170456275343895
0.20780661422759295
0.20826776325702667
0.21598794218152761
0.2143665524199605
0.21032407507300377
0.11780219711363316
0.1896297661587596
0.16122548282146454
0.2068495275452733
0.20046636369079351
0.2042368995025754
0.20466983504593372
0.21446669101715088
0.2100412007421255
0.2124277437105775
0.21654537320137024
0.20848369132727385
0.20161136519163847
0.2097325287759304
0.20852606184780598
0.21164796315133572
0.20705987513065338
0.21629833709448576
0.21628333907574415
0.21680148597806692
0.21759511344134808
0.2197454022243619
0.23177743423730135
0.20094204228371382
0.11584147810935974
0.1959128323942423
0.15663232561200857
0.21605704259127378
0.232163161970675
0.22011084016412497
0.21337186452001333
0.2134400038048625
0.20170568209141493
0.21907257102429867
0.2298097014427185
0.21696326043456793
0.22234928514808416
0.20980748999863863
0.20679583679884672
0.2057453654706478
0.21080223564058542
0.19525707513093948
0.1896539218723774
0.20961881428956985
0.2037990614771843
0.20352015551179647
0.2007407322525978
0.20845769252628088
0.11971115972846746
0.19049656204879284
0.1545917335897684
0.21144859585911036
0.21375265438109636
0.20876950211822987
0.21549805626273155
0.20618800073862076
0.19883310236036777
0.21406302880495787
0.2171135265380144
0.20700815878808498
0.2026138762012124
0.21822886914014816
0.21517248172312975
0.21438298467546701
0.22922386601567268
0.19713114202022552
0.19057096354663372
0.210042261518538
0.20575363095849752
0.20510991662740707
0.20363284926861525
0.21405179798603058
0.11921748798340559
0.19009423349052668
0.1604360118508339
0.2071016039699316
0.21058811247348785
0.19501911662518978
0.19366963859647512
0.19880715291947126
0.19388511776924133
0.15119640808552504
0.14686787128448486
0.15351126622408628
0.17544680647552013
0.13929558359086514
0.14292150549590588
0.14003043994307518
0.14566055312752724
0.14104692824184895
0.14621906634420156
0.14196903724223375
0.14060069620609283
0.1459527239203453
0.15219347923994064
0.14015178848057985
0.12015158124268055
0.15157449152320623
0.1249575586989522
0.16302642039954662
0.14697872009128332
0.1564785847440362
0.1667465092614293
0.15694708842784166
0.15104790776968002
0.16926611308008432
0.14863263070583344
0.17729434184730053
0.15771019831299782
0.21718456968665123
0.2168435649946332
0.2094799317419529
0.20849732775241137
0.21248301770538092
0.20062399189919233
0.21786692645400763
0.22340294253081083
0.21077652927488089
0.21450736746191978
0.20425829011946917
0.11364992335438728
0.19415328186005354
0.16115261428058147
0.21456180978566408
0.22523019928485155
0.2043856391683221
0.20170276705175638
0.21394215058535337
0.2074203249067068
0.20971352234482765
0.21573147736489773
0.2060761796310544
0.1986538739874959
0.21245146729052067
0.21500151976943016
0.2142282109707594
0.21450069546699524
0.2129678325727582
0.20988886337727308
0.21507159247994423
0.21138492599129677
0.20936480350792408
0.21155591867864132
0.2130864169448614
0.10428712610155344
0.20263697858899832
0.17739322781562805
0.21141403075307608
0.20582805201411247
0.2168828807771206
0.21779129467904568
0.213390801101923
0.21296907495707273
0.21993453800678253
0.21853033918887377
0.21728486754000187
0.2164768436923623
0.2186746308580041
0.22112841065973043
0.20991937071084976
0.21187823731452227
0.2113056257367134
0.21088102646172047
0.2120179394260049
0.20845743175596
0.2104238336905837
0.20680058561265469
0.2173803886398673
0.11300235148519278
0.19521734863519669
0.17317043989896774
0.20797148533165455
0.20478885993361473
0.218145783059299
0.21559777483344078
0.21324284188449383
0.2178800217807293
0.20735874958336353
0.2090496802702546
0.20882837194949389
0.2074444703757763
0.20535093918442726
0.20804147887974977
0.20788640528917313
0.20177899114787579
0.20863361470401287
0.20954346098005772
0.2044686060398817
0.19857521448284388
0.21491578966379166
0.20694969780743122
0.20971739012748003
0.12006802298128605
0.18972429633140564
0.1592604834586382
0.20757305435836315
0.19385600090026855
0.2096813516691327
0.2145429952070117
0.2143476763740182
0.20680377166718245
0.21937226690351963
0.22219131607562304
0.21007260866463184
0.20558514259755611
0.22081104200333357
0.23025877866894007
0.21538968291133642
0.21219519525766373
0.2122368635609746
0.2145710177719593
0.2109990082681179
0.20939592365175486
0.21335389092564583
0.22074415534734726
0.20666865725070238
0.12104158941656351
0.19053170830011368
0.15935105457901955
0.20766884554177523
0.20758868288248777
0.20634123962372541
0.2068937523290515
0.1965087065473199
0.19561325665563345
0.20424559526145458
0.20737501978874207
0.20789154432713985
0.20205835811793804
0.2133370591327548
0.21909504383802414
0.20398020464926958
0.20106228906661272
0.20832716580480337
0.20824573375284672
0.20649814512580633
0.2081209672614932
0.20417619496583939
0.2021375773474574
0.20463565085083246
0.12026522494852543
0.18774970900267363
0.15666030906140804
0.2075471142306924
0.2068252731114626
0.20883278083056211
0.1970065562054515
0.21209043823182583
0.2211286909878254
0.2068529948592186
0.2064525792375207
0.2063509477302432
0.2052990822121501
0.21070048492401838
0.20679796114563942
0.21526149939745665
0.2063670177012682
0.2100295079872012
0.20536908507347107
0.21874015405774117
0.22198120970278978
0.21061290986835957
0.2066204659640789
0.215892662294209
0.12179808784276247
0.18713773507624865
0.15599052421748638
0.20720128249377012
0.20426083356142044
0.21542028989642859
0.21697694808244705
0.2049010219052434
0.20472582057118416
0.20520949456840754
0.20116010308265686
0.21682223584502935
0.21910444181412458
0.20530691649764776
0.19877065438777208
0.21387995313853025
0.22031869366765022
0.2081238217651844
0.20566313154995441
0.20551514066755772
0.20749564841389656
0.19853510987013578
0.18780904170125723
0.21026202756911516
0.12313757557421923
0.19033469818532467
0.15626610349863768
0.20635667815804482
0.20751587580889463
0.20777934230864048
0.2059570848941803
0.20627667661756277
0.2070554168894887
0.20529937371611595
0.20175436418503523
0.2185311196371913
0.219880155287683
0.20480844751000404
0.2049816343933344
0.20816712453961372
0.206932264380157
0.20561720430850983
0.19907815475016832
0.20959793403744698
0.21109045948833227
0.22012248262763023
0.2149976436048746
0.20769166760146618
0.12337918020784855
0.19068269431591034
0.15519883017987013
0.2097653904929757
0.20830390229821205
0.20661884266883135
0.2056118631735444
0.21752762701362371
0.21809007786214352
0.2168505284935236
0.21525146160274744
0.21611406933516264
0.2158215781673789
0.20934309344738722
0.2145515400916338
0.20593663584440947
0.20322015136480331
0.21812812890857458
0.2178971040993929
0.20968445762991905
0.20988378394395113
0.20839891210198402
0.2046928685158491
0.2011476494371891
0.12063335068523884
0.1902419524267316
0.154222859069705
0.21214071195572615
0.21403503604233265
0.21655356884002686
0.21469985134899616
0.21282046474516392
0.21311647351831198
0.21320101246237755
0.21246542502194643
0.2147130249068141
0.21539285872131586
0.21205378975719213
0.21574302855879068
0.2059074705466628
0.20778281893581152
0.20646907109767199
0.2025137785822153
0.21394844353199005
0.2098270570859313
0.21202734764665365
0.21208434645086527
0.21012655179947615
0.12021499127149582
0.1900109564885497
0.16097999829798937
0.20517560932785273
0.20252448692917824
0.214858110062778
0.2129902048036456
0.21732564456760883
0.21774382423609495
0.20888213347643614
0.20871269423514605
0.2069839322939515
0.2062806449830532
0.2073455136269331
0.20094375498592854
0.21199751179665327
0.21258534211665392
0.21287392545491457
0.21081160381436348
0.21557108499109745
0.2095089554786682
0.21082767471671104
0.2183793941512704
0.2149229422211647
0.1241137171164155
0.18937980476766825
0.151461036875844
0.21577468886971474
0.21664432995021343
0.2170590329915285
0.21652587689459324
0.2163190459832549
0.21975275501608849
0.20876651536673307
0.20565230026841164
0.2111651012673974
0.21153618209064007
0.20785918273031712
0.19737338926643133
0.2129204934462905
0.22091922629624605
0.20754563063383102
0.20680757984519005
0.20692371763288975
0.19239081721752882
0.21663552429527044
0.226892476901412
0.21722848154604435
0.11928968410938978
0.1895192889496684
0.15889829117804766
0.20548921171575785
0.2013637674972415
0.21431221999228
0.19982197880744934
0.20940376911312342
0.21692666318267584
0.2125409683212638
0.21784931421279907
0.20672658644616604
0.20600108709186316
0.2070194985717535
0.20520843286067247
0.2157040759921074
0.2189829619601369
0.20633581839501858
0.20923529099673033
0.19368379656225443
0.18272876553237438
0.21189366560429335
0.2193796318024397
0.20464432798326015
0.11919814255088568
0.18881359696388245
0.15625289920717478
0.20927922241389751
0.21119336504489183
0.21195837762206793
0.2122400188818574
0.20690426137298346
0.20642654970288277
0.20833301730453968
0.2069610795006156
0.20500171184539795
0.20461104437708855
0.20786317065358162
0.20761633478105068
0.20815536193549633
0.20295659359544516
0.2120035234838724
0.2117565581575036
0.21489369589835405
0.21694296319037676
0.20551549084484577
0.20836587995290756
0.2039998322725296
0.12544024921953678
0.1926850015297532
0.15785904973745346
0.20748786348849535
0.20582628808915615
0.20742321107536554
0.20518323499709368
0.21033550519496202
0.21425459161400795
0.2052697679027915
0.20086780097335577
0.20628229714930058
0.2052860576659441
0.20648043230175972
0.20649464894086123
0.20691405050456524
0.20607834309339523
0.210875254124403
0.21131850127130747
0.20551221445202827
0.19985172431915998
0.21636237762868404
0.22261599730700254
0.2036552308127284
0.12119681295007467
0.19129351526498795
0.1472960077226162
0.21495059318840504
0.2277937876060605
0.208092974498868
0.20031377580016851
0.21394622884690762
0.21873526461422443
0.20683861803263426
0.20208125188946724
0.2161373533308506
0.20738237258046865
0.21077236998826265
0.20796746760606766
0.21442818827927113
0.21910020522773266
0.2109857127070427
0.21757002640515566
0.2083609802648425
0.2146344566717744
0.19629573449492455
0.1774297272786498
0.21514438930898905
0.1194105725735426
0.18919948488473892
0.15431264881044626
0.21272555552423
0.21656514052301645
0.20701514184474945
0.20299731008708477
0.2075013378635049
0.2057591611519456
0.21352242957800627
0.21566220559179783
0.20414692908525467
0.2042671563103795
0.20804007537662983
0.20542334765195847
0.2080996371805668
0.20187992043793201
0.21443217620253563
0.22000497207045555
0.20484231039881706
0.20583033561706543
0.20865533594042063
0.20807113219052553
0.2057110294699669
0.11747330706566572
0.19779210817068815
0.1698183659464121
0.2168524730950594
0.21503718849271536
0.20377367362380028
0.2057218998670578
0.20763265620917082
0.20347985066473484
0.21684441808611155
0.21724642626941204
0.2057332331314683
0.20627994369715452
0.20463618263602257
0.19843618385493755
0.21243952587246895
0.21214599162340164
0.21243459731340408
0.2142701493576169
0.21673016250133514
0.21777731738984585
0.20457623898983002
0.20599493570625782
0.2049432210624218
0.11932529043406248
0.1894884593784809
0.15936448983848095
0.20779094472527504
0.20801693201065063
0.20807050168514252
0.20699024386703968
0.2073189439252019
0.21064873784780502
0.2089121313765645
0.20398949179798365
0.21497720386832952
0.21688520349562168
0.20769209880381823
0.21016570553183556
0.2075333995744586
0.20476702880114317
0.2078673392534256
0.2076781913638115
0.20851026196032763
0.20709578227251768
0.20527121983468533
0.2050098069012165
0.20383207499980927
1.0060074562206864
1.016173979267478
0.10851620603352785
0.19874077755957842
0.18736336007714272
0.21947901789098978
0.22001942805945873
0.21733924094587564
0.22007157560437918
0.20597820356488228
0.2046813378110528
0.2053994918242097
0.20292892027646303
0.20492288284003735
0.20553858391940594
0.20692186523228884
0.20495161786675453
0.20459790993481874
0.20465642027556896
0.20684407744556665
0.20465556904673576
0.20960482768714428
0.20911389030516148
0.2038532756268978
0.11999115813523531
0.19022023119032383
0.1647343523800373
0.1960265077650547
0.1905460162088275
0.20760157704353333
0.20406709797680378
0.2064385125413537
0.2073614038527012
0.20751051511615515
0.20703968685120344
0.2064665462821722
0.21160180494189262
0.1959998058155179
0.18568501435220242
0.20455369539558887
0.20498631242662668
0.2130698449909687
0.21068518608808517
0.20503440406173468
0.20866460260003805
0.20730096008628607
0.202279444783926
0.20265482272952795
0.12549092434346676
0.19111582078039646
0.15528066456317902
0.20712498854845762
0.20490946806967258
0.2106931395828724
0.20974235702306032
0.20824995078146458
0.2100505894050002
0.20604627300053835
0.20582096837460995
0.20822399109601974
0.20392774604260921
0.21478878892958164
0.21766703948378563
0.19848977494984865
0.19519575871527195
0.203463870100677
0.20025662891566753
0.20856847148388624
0.20525110326707363
0.20426462218165398
0.2098468840122223
0.19606813602149487
0.12536705192178488
0.19261672347784042
0.15866912808269262
0.20538245048373938
0.20284909009933472
0.22037669271230698
0.2227494204416871
0.20830152742564678
0.20687199104577303
0.20630593318492174
0.2054068772122264
0.20628106594085693
0.20365120377391577
0.20553052052855492
0.20341623108834028
0.2068551890552044
0.20031192246824503
0.2111397236585617
0.21050587855279446
0.2137482650578022
0.2171747013926506
0.2074781535193324
0.20931231509894133
0.20510101970285177
0.11846780404448509
0.18894099816679955
0.16062668152153492
0.20738007873296738
0.1984731936827302
0.212009665556252
0.21702006831765175
0.214990078471601
0.21410033013671637
0.21513240691274405
0.21432012412697077
0.21351383253932
0.21373828686773777
0.21566126495599747
0.21474104933440685
0.21620153449475765
0.21088459249585867
0.21142795775085688
0.21266144514083862
0.21217413619160652
0.21181968599557877
0.2165468754246831
0.21878294553607702
0.20133345108479261
0.11875546630471945
0.18847570940852165
0.1563437208533287
0.2152759274467826
0.21104033663868904
0.21099964063614607
0.21109442692250013
0.2132887179031968
0.21447995584458113
0.21617033518850803
0.20615430735051632
0.21881259139627218
0.22867196518927813
0.21659493632614613
0.20831226836889982
0.20900089759379625
0.21321729384362698
0.21342144906520844
0.21203683596104383
0.21092303469777107
0.20899493619799614
0.21291417255997658
0.214106441475451
0.21102708112448454
0.10638932231813669
0.19410282652825117
0.17665384337306023
0.20669571869075298
0.20170000195503235
0.21348918695002794
0.2193694021552801
0.20728550106287003
0.1918988786637783
0.2201858926564455
0.2294099573045969
0.21328411903232336
0.2108348784968257
0.21127780433744192
0.21411901526153088
0.21587428729981184
0.20381379965692759
0.21894108410924673
0.23493864946067333
0.20708788838237524
0.2015413623303175
0.21380416955798864
0.21667502727359533
0.20195002388209105
0.1198956985026598
0.19032681174576283
0.15816951543092728
0.2069911863654852
0.20925334375351667
0.21465762238949537
0.20308851171284914
0.21138129848986864
0.211087916046381
0.21140260994434357
0.21264128666371107
0.2129786629229784
0.20869835745543242
0.20204393099993467
0.19164511933922768
0.22365717310458422
0.22579138074070215
0.21120669972151518
0.21461305674165487
0.21264951210469007
0.22060663625597954
0.20894019398838282
0.20367195270955563
0.21331442706286907
0.12001997232437134
0.19002019334584475
0.14978773146867752
0.2108829589560628
0.21512985229492188
0.21479149349033833
0.21687359176576138
0.20591067615896463
0.1923494879156351
0.21954155713319778
0.23287994414567947
0.20476616732776165
0.20156602934002876
0.21309336088597775
0.2041496243327856
0.2103077732026577
0.2174464138224721
0.21397740673273802
0.21283759735524654
0.21327408123761415
0.20787063520401716
0.20997248031198978
0.21274836920201778
0.20985275600105524
0.11424067709594965
0.19898125249892473
0.1613729102537036
0.21820489410310984
0.22192570473998785
0.21004053950309753
0.20897615049034357
0.21145683247596025
0.21545299235731363
0.2118227118626237
0.20179937966167927
0.21993934735655785
0.2222445271909237
0.21250975783914328
0.22433780692517757
0.20740074943751097
0.19155310560017824
0.2152725113555789
0.21534086018800735
0.22295538801699877
0.2369282441213727
0.20559414941817522
0.20252348575741053
0.2031985903158784
0.11780151724815369
0.1907592974603176
0.16223706118762493
0.2071118038147688
0.2039115848019719
0.21306864358484745
0.2131436439231038
0.205662970431149
0.2069901442155242
0.20632672309875488
0.20555701944977045
0.2095085447654128
0.20453528221696615
0.21609091572463512
0.21614299435168505
0.20537139009684324
0.20411410741508007
0.2146197883412242
0.22116118296980858
0.20452979113906622
0.2079070247709751
0.1940788310021162
0.18368752487003803
0.21411076933145523
0.12137250415980816
0.19109794683754444
0.15925305988639593
0.20540003385394812
0.19850196689367294
0.2119134236127138
0.216656181961298
0.2035876540467143
0.19951437786221504
0.21669588703662157
0.21220853924751282
0.21238374058157206
0.2159704091027379
0.21818809304386377
0.21032228134572506
0.21215946692973375
0.21802781987935305
0.21519639808684587
0.2069366928189993
0.20975494012236595
0.20821412280201912
0.209614435210824
0.2191015975549817
0.20573489554226398
0.12350657116621733
0.17166106216609478
0.12622597254812717
0.2192242993041873
0.21745033096522093
0.21755238343030214
0.2226218292489648
0.20878300536423922
0.21912879776209593
0.19715305138379335
0.18379591964185238
0.2159281987696886
0.23698875680565834
0.20452538318932056
0.19822337199002504
0.1795661374926567
0.15656841546297073
0.21559721510857344
0.21297836303710938
0.21313618123531342
0.21462634298950434
0.21272951364517212
0.20506412908434868
0.20805876050144434
0.11879262700676918
0.18927348405122757
0.15365259163081646
0.21334486454725266
0.21717635355889797
0.21473265159875154
0.21530074533075094
0.21533709485083818
0.20414892304688692
0.21766206994652748
0.21821806952357292
0.2106358129531145
0.21053940057754517
0.21141179744154215
0.20773724373430014
0.2098852377384901
0.21184065658599138
0.2097858488559723
0.2134196050465107
0.2120269974693656
0.21449892222881317
0.21680892072618008
0.2203299840912223
0.20328583475202322
0.12092487048357725
0.19071385264396667
0.15595466550439596
0.2156521063297987
0.22140196710824966
0.20713977701961994
0.2022919189184904
0.21579045802354813
0.21818312350660563
0.20787054486572742
0.20456698164343834
0.20857166778296232
0.21183835063129663
0.20967154297977686
0.20876923110336065
0.20514896884560585
0.20054930076003075
0.20380726736038923
0.2072148686274886
0.2057055002078414
0.2046647761017084
0.21091540064662695
0.2094905711710453
0.20499530993402004
0.11589874606579542
0.19530003610998392
0.16297841910272837
0.2122913971543312
0.21576210483908653
0.21759567502886057
0.22058547660708427
0.20765350572764874
0.20543730352073908
0.20779278874397278
0.2064259797334671
0.20893941167742014
0.20819504652172327
0.21619293838739395
0.21601936034858227
0.20481301471590996
0.20762277860194445
0.20914763491600752
0.20448808372020721
0.21338989958167076
0.2110365992411971
0.215194302611053
0.2185033867135644
0.20343261118978262
0.12399128638207912
0.19122878462076187
0.15603286400437355
0.20630628243088722
0.20720473863184452
0.20766291301697493
0.20448270346969366
0.21291200816631317
0.2146322624757886
0.20659915544092655
0.20368501730263233
0.2139649735763669
0.22363650240004063
0.19422555901110172
0.18131321482360363
0.21057178173214197
0.20914504025131464
0.20331585127860308
0.2021831637248397
0.2171252565458417
0.21624484658241272
0.20766709186136723
0.20317005645483732
0.20905499998480082
0.11956239864230156
0.18926928751170635
0.15915998350828886
0.20483044814318419
0.20476756058633327
0.20606450736522675
0.2008099416270852
0.21444131340831518
0.21612971927970648
0.21785156801342964
0.21088066510856152
0.2105488982051611
0.21574746817350388
0.21511451248079538
0.21384051907807589
0.2151920096948743
0.21493661683052778
0.21480721328407526
0.21550012100487947
0.21612026169896126
0.21869433857500553
0.20933098159730434
0.2082408843562007
0.2053082399070263
0.1199121791869402
0.19241103436797857
0.16123399697244167
0.20504876971244812
0.2034358773380518
0.20750405360013247
0.20539123751223087
0.2038684030994773
0.2023814469575882
0.20478265825659037
0.2067346116527915
0.20701970905065536
0.19670530781149864
0.21211068518459797
0.21316633746027946
0.21307556610554457
0.21687523648142815
0.2183688236400485
0.22213690355420113
0.20559375919401646
0.20427895803004503
0.2031154427677393
0.20891093742102385
0.19676738511770964
0.11956102587282658
0.1917663486674428
0.15919708367437124
0.216449161991477
0.2150645088404417
0.21496340725570917
0.2167032603174448
0.21707933023571968
0.22288647945970297
0.20646619517356157
0.20105438400059938
0.21028832718729973
0.20971454493701458
0.2039737720042467
0.2033209716901183
0.2071965029463172
0.20660510752350092
0.20769468322396278
0.20446775574237108
0.216973471455276
0.21553993597626686
0.21572502423077822
0.21993712335824966
0.20407900027930737
0.12398386187851429
0.19123297277837992
0.1592107703909278
0.20844464842230082
0.20589253213256598
0.207120799459517
0.20488790702074766
0.20647456124424934
0.20313954818993807
0.2155302381142974
0.21432246919721365
0.21475006453692913
0.21536208130419254
0.21372364927083254
0.21538243908435106
0.21079974249005318
0.20826724357903004
0.20653045643121004
0.20804279018193483
0.21579730231314898
0.21681929100304842
0.20723276119679213
0.2038068575784564
0.21435741521418095
0.1283226888626814
0.18115470558404922
0.1405572732910514
0.21934254094958305
0.22007356118410826
0.21761850826442242
0.22814545035362244
0.20604722574353218
0.20159102696925402
0.2169663878157735
0.2198667610064149
0.20519517734646797
0.20580333471298218
0.20818623062223196
0.206576744094491
0.20582494512200356
0.2028091847896576
0.2064306577667594
0.20379818137735128
0.20873833168298006
0.19682105537503958
0.21950359549373388
0.22516307421028614
0.21058029867708683
0.11642634123563766
0.19933734461665154
0.17054302338510752
0.21801037807017565
0.22048386372625828
0.20770018454641104
0.2057568058371544
0.21853882353752851
0.22217222955077887
0.20637782756239176
0.2027912512421608
0.20757827255874872
0.20288298465311527
0.21761443093419075
0.2184090493246913
0.21576243545860052
0.21591949369758368
0.20457766205072403
0.20401755440980196
0.20631620194762945
0.20878954976797104
0.20620905980467796
0.2033086372539401
0.21669468469917774
0.12120464723557234
0.19294300861656666
0.15813842695206404
0.21357898600399494
0.2142266472801566
0.21703961584717035
0.21849300805479288
0.2114680027589202
0.2059698887169361
0.21338976919651031
0.21371673606336117
0.2165020415559411
0.2342432076111436
0.1922949654981494
0.17476448882371187
0.2149770837277174
0.21365514025092125
0.2144862273707986
0.21654403023421764
0.21673366893082857
0.21472677122801542
0.21478463057428598
0.20852980948984623
0.2069166349247098
0.12200875487178564
0.1898034457117319
0.15180322341620922
0.21133487205952406
0.2151691261678934
0.21798633132129908
0.2160784713923931
0.2086483733728528
0.2071667369455099
0.21325953397899866
0.20939053315669298
0.2130178166553378
0.20987307466566563
0.2098097037523985
0.21891477331519127
0.20775276236236095
0.19973166845738888
0.211552863009274
0.21374695375561714
0.21452084369957447
0.21815469954162836
0.20883967261761427
0.20646068453788757
0.20671738032251596
0.12360731139779091
0.19075601175427437
0.1568956831470132
0.20743856951594353
0.2079934673383832
0.20850444119423628
0.2058113794773817
0.20615460723638535
0.20299105811864138
0.2149699004366994
0.21689213812351227
0.2076851548627019
0.2076964471489191
0.20554856397211552
0.19876746833324432
0.21247762814164162
0.21672338899224997
0.20556763000786304
0.20249862875789404
0.21479608211666346
0.20746768452227116
0.20999964140355587
0.2108007539063692
0.20914461836218834
0.12163040041923523
0.18976776767522097
0.15572701673954725
0.2172836260870099
0.21365981735289097
0.21165949385613203
0.20921277720481157
0.2106234086677432
0.2786070145666599
0.14341360330581665
0.1514104213565588
0.13892508391290903
0.1273452239111066
0.155193280428648
0.16735159140080214
0.14327931869775057
0.12759930361062288
0.1747963884845376
0.1768320994451642
0.19032070133835077
0.19723188132047653
0.17096800543367863
0.1654344443231821
0.18601938523352146
0.12247458379715681
0.19002189673483372
0.1580126490443945
0.20781482011079788
0.20672304928302765
0.2070890897884965
0.20830731838941574
0.20631646271795034
0.20595091208815575
0.20727201644331217
0.2058446118608117
0.20561539940536022
0.20592480339109898
0.21076985634863377
0.2098976792767644
0.20827066991478205
0.20385414641350508
0.21479257568717003
0.21803303994238377
0.20575167704373598
0.20434219669550657
0.20807926822453737
0.20801956672221422
0.2030349113047123
0.1239792425185442
0.19124051555991173
0.15873285941779613
0.20635380316525698
0.20222123432904482
0.21569450851529837
0.21733999345451593
0.20445271581411362
0.19846671167761087
0.21343796979635954
0.21967121120542288
0.20746619161218405
0.20515646319836378
0.20632345601916313
0.20799488853663206
0.2093426827341318
0.2053990215063095
0.20627490431070328
0.1998291015625
0.2124335952103138
0.20711288508027792
0.21508321352303028
0.22565652430057526
0.2052646977826953
0.12334212101995945
0.19103707280009985
0.15560458600521088
0.21765070874243975
0.2181385885924101
0.20719618257135153
0.20371499471366405
0.21641469653695822
0.21183599717915058
0.21365442778915167
0.21802891232073307
0.19561783596873283
0.18973587732762098
0.20620945002883673
0.20526696369051933
0.17375397123396397
0.2072282126173377
0.1404242031276226
0.13635480403900146
0.14095894154161215
0.13374756462872028
0.1521404692903161
0.15275886561721563
0.14936052542179823
0.1197580574080348
0.15013543609529734
0.11434825044125319
0.17749148420989513
0.1723465258255601
0.1861822223290801
0.19356221705675125
0.18956083711236715
0.17440369818359613
0.2121037719771266
0.21367282327264547
0.21838438231498003
0.214044033549726
0.21219067741185427
0.2138975877314806
0.21875819750130177
0.21429055742919445
0.21272992342710495
0.21311193518340588
0.21293174475431442
0.20158072654157877
0.21398458164185286
0.2271525776013732
0.21459332015365362
0.11750900559127331
0.187534193508327
0.15032985247671604
0.21416792646050453
0.2178834080696106
0.2144183199852705
0.21642434503883123
0.21677727159112692
0.2194551331922412
0.2094346759840846
0.2072707125917077
0.20716362074017525
0.20263853203505278
0.21577681321650743
0.21825365629047155
0.20900885295122862
0.20623374730348587
0.21576538030058146
0.21415255777537823
0.21218295209109783
0.21695784199982882
0.21702574007213116
0.21980763785541058
0.20386658050119877
0.1210032980889082
0.19064522348344326
0.15974342450499535
0.20737077202647924
0.20717576425522566
0.20797723717987537
0.20527678076177835
0.2109061423689127
0.2121263351291418
0.2061119470745325
0.2058516861870885
0.20685272384434938
0.20048251561820507
0.2156263692304492
0.21673034224659204
0.21304905600845814
0.2131061740219593
0.21676483750343323
0.21127443853765726
0.2123345173895359
0.2152636842802167
0.2168793324381113
0.21882955357432365
0.20229347236454487
0.12006878387182951
0.15035003144294024
0.15512188524007797
0.1406347593292594
0.13318389095366
0.140601746737957
0.18351991940289736
0.138404481112957
0.17260118667036295
0.1407676599919796
0.16566965728998184
0.1401083366945386
0.14716009236872196
0.13642044737935066
0.1534419860690832
0.13840297795832157
0.13599182944744825
0.1403987342491746
0.1460806643590331
0.14135668147355318
0.13886839617043734
0.1391011057421565
0.1453679408878088
0.14143459871411324
0.12276396993547678
0.1508710253983736
0.11425874195992947
0.16160175204277039
0.16682084929198027
0.14006158895790577
0.1461698729544878
0.15330543834716082
0.15115012042224407
0.16139018163084984
0.1635961951687932
0.15214743185788393
0.14235226064920425
0.15393847227096558
0.1398604391142726
0.18845022097229958
0.17447211686521769
0.20485781971365213
0.20258145593106747
0.2044403124600649
0.2043284010142088
0.20477664656937122
0.20447926595807076
0.20212059561163187
0.12481406796723604
0.18464445136487484
0.1575338952243328
0.19548260048031807
0.18386194296181202
0.18551398068666458
0.16396971978247166
0.2170830387622118
0.2192025575786829
0.20721616968512535
0.2028342429548502
0.21075667068362236
0.21290868148207664
0.20343821216374636
0.20201370306313038
0.2100079683586955
0.20829359348863363
0.21815900783985853
0.21915347501635551
0.20880765281617641
0.20896752458065748
0.20351700112223625
0.20311974082142115
0.21689765807241201
0.12216963805258274
0.18936497811228037
0.1584820058196783
0.20825924910604954
0.20508598070591688
0.21784701850265265
0.21608912199735641
0.21881745010614395
0.22127494867891073
0.21325875259935856
0.22115404903888702
0.20757958572357893
0.20276802778244019
0.21428868547081947
0.2182035120204091
0.20822482369840145
0.1986446361988783
0.21124836895614862
0.2126730363816023
0.2121923789381981
0.2195521667599678
0.205270959995687
0.20211035571992397
0.2070722784847021
0.12285112403333187
0.1842230847105384
0.151465917006135
0.207502119243145
0.20649071224033833
0.2059237714856863
0.20523342955857515
0.20543822459876537
0.20292226783931255
0.21079544257372618
0.21105964295566082
0.20507923793047667
0.20491642132401466
0.20657010097056627
0.2089413544163108
0.2086871862411499
0.20845181122422218
0.2068110564723611
0.2078304784372449
0.20668258424848318
0.20119169354438782
0.20873065944761038
0.20556026604026556
0.20187831949442625
0.12376214284449816
0.19129230361431837
0.15857521072030067
0.20761824864894152
0.2076580934226513
0.20796516258269548
0.20851566176861525
0.19735250901430845
0.1880324026569724
0.21613002009689808
0.2202327810227871
0.20641196239739656
0.2033417308703065
0.2046551387757063
0.20153978932648897
0.21534369606524706
0.2158261463046074
0.2064466280862689
0.2059735246002674
0.20789659395813942
0.2073003686964512
0.20625665970146656
0.20555567648261786
0.2053960459306836
0.12035796046257019
0.1899076821282506
0.15575281530618668
0.21367480605840683
0.21384967677295208
0.20909947343170643
0.20934429578483105
0.21504330914467573
0.21071796864271164
0.21100138314068317
0.22586336638778448
0.20852967910468578
0.20744797866791487
0.20739217195659876
0.20708347018808126
0.20784514676779509
0.20116030424833298
0.21097421366721392
0.2149325916543603
0.20609920378774405
0.20956657640635967
0.20589642226696014
0.20066314656287432
0.2137385793030262
0.1240797033533454
0.18960555270314217
0.15982212498784065
0.21157577726989985
0.213217344135046
0.2078128969296813
0.2030812194570899
0.2145883720368147
0.21805432345718145
0.2049575401470065
0.20671306364238262
0.20600460655987263
0.19962437730282545
0.2152947848662734
0.21755084209144115
0.2060559932142496
0.2060582274571061
0.20838943496346474
0.20635857433080673
0.20536396652460098
0.20579997915774584
0.19653400592505932
0.19348258804529905
0.20408921223133802
0.12289558909833431
0.18822519853711128
0.15556599386036396
0.20773372892290354
0.2046791845932603
0.20449704118072987
0.20202239137142897
0.2124931188300252
0.21194576658308506
0.21537517756223679
0.21660264302045107
0.20492146164178848
0.2081198487430811
0.20878803730010986
0.20947848912328482
0.20720647275447845
0.20523273944854736
0.20512320194393396
0.20719911064952612
0.20433008577674627
0.20139982737600803
0.20802977681159973
0.20827241335064173
0.2034067139029503
0.11860172729939222
0.19019192922860384
0.17819307930767536
0.206593276001513
0.20108896028250456
0.21414184011518955
0.21628396026790142
0.2074419679120183
0.2031297106295824
0.20984714571386576
0.21197698451578617
0.19740891736000776
0.18794094119220972
0.20715048722922802
0.20611969288438559
0.20674754679203033
0.20361875463277102
0.21718223672360182
0.21878319699317217
0.20726583525538445
0.19485205318778753
0.21357117220759392
0.22165441513061523
0.2005204176530242
0.12007574737071991
0.18981092981994152
0.1569174937903881
0.20430082082748413
0.19189514312893152
0.21028058417141438
0.21241089422255754
0.19306217413395643
0.18704210501164198
0.21556513477116823
0.20755748637020588
0.2101612789556384
0.21757127065211535
0.20463986974209547
0.2027699127793312
0.20328045543283224
0.21397486329078674
0.21711312606930733
0.213799343444407
0.21218520868569613
0.21960280369967222
0.20801381673663855
0.2025728514418006
0.21355895977467299
0.11875609960407019
0.188639841042459
0.15638664178550243
0.2094873171299696
0.21066341642290354
0.2065640715882182
0.2058587707579136
0.2049650540575385
0.2018329557031393
0.1548278508707881
0.16715160477906466
0.14136265497654676
0.13608012720942497
0.14477364998310804
0.13739708252251148
0.14204538241028786
0.14817934669554234
0.14201016630977392
0.13537779077887535
0.13775185029953718
0.14730483572930098
0.14454575162380934
0.1336260261014104
0.13573130872100592
0.1184194628149271
0.14985313452780247
0.1251083742827177
0.1426698211580515
0.1313718631863594
0.13548758812248707
0.13069415464997292
0.14829464443027973
0.15671261865645647
0.13985358737409115
0.13524630293250084
0.13464377541095018
0.12973341066390276
0.15862336289137602
0.15188668109476566
0.15806363709270954
0.16405089385807514
0.1687287511304021
0.17004202958196402
0.1616810830309987
0.14578769449144602
0.1716877343133092
0.1669369488954544
0.1919788494706154
0.11641151458024979
0.1967974929139018
0.16444882471114397
0.21113187912851572
0.21114911325275898
0.21345220785588026
0.20596190448850393
0.21548842079937458
0.2233154196292162
0.2066890262067318
0.20333899557590485
0.21229693852365017
0.21404898539185524
0.21499167289584875
0.21290158852934837
0.21297315414994955
0.2135650422424078
0.21846321318298578
0.22194943111389875
0.21381361037492752
0.2131061153486371
0.20651816576719284
0.21006343513727188
0.20012591313570738
0.11274415533989668
0.1984403831884265
0.16592413932085037
0.21225480921566486
0.22127302456647158
0.2085387883707881
0.20374159514904022
0.21201125904917717
0.20931233745068312
0.21523448172956705
0.21688502561300993
0.21551136299967766
0.21272594761103392
0.21744231693446636
0.22290438413619995
0.20848302263766527
0.20616965740919113
0.20760986488312483
0.20968825742602348
0.20781519170850515
0.19684317894279957
0.2150828754529357
0.21848020516335964
0.20340997073799372
0.11896097473800182
0.1891911206766963
0.15805133432149887
0.21803490445017815
0.2173759015277028
0.2091298121958971
0.20019836071878672
0.21316281240433455
0.20940949954092503
0.21186637599021196
0.20532118622213602
0.21759427525103092
0.2156452964991331
0.22001037374138832
0.22343538515269756
0.21944433450698853
0.22444774582982063
0.2124218950048089
0.21928920224308968
0.20787939336150885
0.20862141344696283
0.20811173040419817
0.19800296612083912
0.2124559385702014
0.12226960808038712
0.19174959883093834
0.16036837548017502
0.20568340923637152
0.20025955606251955
0.21493302285671234
0.21628801058977842
0.210098079405725
0.2133045606315136
0.20882335398346186
0.2078073974698782
0.2078921366482973
0.20668383687734604
0.20697193033993244
0.20352725125849247
0.21350335516035557
0.210284611210227
0.21364574413746595
0.22284791711717844
0.2081170715391636
0.20860006287693977
0.2082544593140483
0.20700671523809433
0.20533235557377338
0.1227970328181982
0.19243249762803316
0.1586105590686202
0.21114165894687176
0.21276680566370487
0.20799497235566378
0.20879512187093496
0.20896205585449934
0.2050116015598178
0.20593067724257708
0.2057617176324129
0.21568035334348679
0.22389818914234638
0.1979707069694996
0.1894194521009922
0.20713398605585098
0.20428516063839197
0.2174234315752983
0.21726450230926275
0.21699244901537895
0.21598619874566793
0.21871038991957903
0.22055563144385815
0.2145473649725318
0.12065140530467033
0.19026114977896214
0.16171339340507984
0.20707798097282648
0.20459290221333504
0.2073669359087944
0.20861680526286364
0.20772808697074652
0.20511713065207005
0.207240697927773
0.20790834818035364
0.20832467265427113
0.20909093879163265
0.20955348201096058
0.20358064211905003
0.21662865206599236
0.22053096443414688
0.2092583253979683
0.2068320671096444
0.20740738324820995
0.20392105355858803
0.21521560568362474
0.22157577704638243
0.20556564815342426
0.12155298609286547
0.19331112410873175
0.16440383065491915
0.20978865679353476
0.20560378022491932
0.20727999228984118
0.2079421216621995
0.2075618840754032
0.20489592291414738
0.19703308772295713
0.19090844132006168
0.20680159982293844
0.20746616274118423
0.20746540185064077
0.2073836987838149
0.20830459613353014
0.20610830187797546
0.2074051583185792
0.20776383485645056
0.20793741289526224
0.20719061326235533
0.20784801337867975
0.21281438507139683
0.2048873482272029
0.12556825205683708
0.19263109099119902
0.16624701768159866
0.19802505988627672
0.19103538990020752
0.20910312235355377
0.20617047883570194
0.20840761996805668
0.2085291389375925
0.2068218979984522
0.20580822508782148
0.2073159795254469
0.20491300616413355
0.2153865983709693
0.2186171943321824
0.21013573091477156
0.21263091918081045
0.19652471877634525
0.19484480936080217
0.2072068341076374
0.2001793934032321
0.21471095457673073
0.21699526254087687
0.16943428199738264
0.12640998046845198
0.15194955002516508
0.11903585586696863
0.15347093157470226
0.16141050215810537
0.14062928035855293
0.1348157711327076
0.14278420619666576
0.13944781012833118
0.1416174853220582
0.14563817158341408
0.151488340459764
0.1542170885950327
0.14059101790189743
0.12489192560315132
0.1524803414940834
0.16375926323235035
0.14296675100922585
0.1399918869137764
0.1557448422536254
0.14811800047755241
0.17387826833873987
0.17276473622769117
0.16283249482512474
0.12173186428844929
0.15042298007756472
0.1276124296709895
0.19079389329999685
0.16961243841797113
0.20636705961078405
0.23608150705695152
0.14090885780751705
0.13765089120715857
0.1411847984418273
0.13027313072234392
0.14092665165662766
0.14418891724199057
0.14044590387493372
0.14690732769668102
0.14224046003073454
0.1280124643817544
0.14155567809939384
0.13583935145288706
0.14656733442097902
0.14446821436285973
0.14084478747099638
0.14556411188095808
0.14237311016768217
0.12554324511438608
0.15178611129522324
0.10581750515848398
0.1714161103591323
0.1744667673483491
0.15148957166820765
0.14127379655838013
0.16861227061599493
0.16776759643107653
0.1407615700736642
0.11052357498556376
0.184284383431077
0.16164685785770416
0.18910334538668394
0.1735616996884346
0.2103864224627614
0.21267171669751406
0.19485502783209085
0.19395680259913206
0.20837462786585093
0.20703670289367437
0.20963743142783642
0.2069299528375268
0.20599968638271093
0.12165987677872181
0.19147855695337057
0.15988669637590647
0.20753032434731722
0.20921037439256907
0.20790733583271503
0.20784792304039001
0.2070592064410448
0.20493929646909237
0.2071841610595584
0.20457809418439865
0.20656284969300032
0.21303239651024342
0.19699033722281456
0.19179556611925364
0.2134042177349329
0.21373181510716677
0.19907651282846928
0.19455076288431883
0.20793134067207575
0.21110914833843708
0.2043268196284771
0.20283295027911663
0.2034015143290162
0.11937589757144451
0.18977692537009716
0.15749386232346296
0.21684305649250746
0.21826194413006306
0.20700585562735796
0.20794179011136293
0.2073921635746956
0.2032238095998764
0.21207213401794434
0.21423272043466568
0.20759769156575203
0.20709227863699198
0.2072339253500104
0.2078505391255021
0.2129549914970994
0.20832541398704052
0.21702604182064533
0.22008078545331955
0.21051242109388113
0.21035381220281124
0.20945655927062035
0.20747759379446507
0.20517798606306314
0.12423818185925484
0.18742297403514385
0.1522372141480446
0.20716603752225637
0.20897281542420387
0.20824891049414873
0.20600075833499432
0.2072542030364275
0.2082739071920514
0.20609025657176971
0.20406845211982727
0.2050991477444768
0.20337658654898405
0.20750141981989145
0.20453548431396484
0.21505722682923079
0.21474552899599075
0.21498490124940872
0.2140370225533843
0.21442821063101292
0.3389488058164716
0.13994391821324825
0.17161468602716923
0.1405218169093132
0.12251695524901152
0.15012856479734182
0.14231014158576727
0.1415882296860218
0.16147325094789267
0.14151199627667665
0.14325035642832518
0.1422537863254547
0.1776135442778468
0.14134037215262651
0.14374901726841927
0.14300021342933178
0.1474858382716775
0.1414527539163828
0.17041505221277475
0.14236171822994947
0.18867302313446999
0.14169095363467932
0.14175298064947128
0.14149946253746748
0.15977542754262686
0.14117078203707933
0.173741458915174
0.14206495974212885
0.1194607075303793
0.15034600533545017
0.116640436463058
0.14053523261100054
0.13726346008479595
0.1388060012832284
0.16224531829357147
0.14228463359177113
0.15474541578441858
0.14017712790519
0.1476662689819932
0.14245382230728865
0.14789546094834805
0.14106995332986116
0.12688640970736742
0.14309066534042358
0.1474115578457713
0.14242685213685036
0.18401452247053385
0.14312278479337692
0.1652862150222063
0.14190455619245768
0.14506889786571264
0.142069929279387
0.11972182057797909
0.15079743787646294
0.12161801755428314
0.14252912532538176
0.1503807594999671
0.14218720979988575
0.11609423626214266
0.1938280100002885
0.16988059412688017
0.21141032595187426
0.21069582737982273
0.2056236071512103
0.2089222315698862
0.2039553988724947
0.20375520084053278
0.20675803627818823
0.20753705687820911
0.2076516030356288
0.206441018730402
0.2117003733292222
0.21120694186538458
0.20987185277044773
0.21471683401614428
0.19810764491558075
0.12325430568307638
0.18910381477326155
0.15401189122349024
0.21745027136057615
0.22393391747027636
0.2020547529682517
0.19604665599763393
0.20712033100426197
0.20701626501977444
0.20703447796404362
0.20663248002529144
0.20972419530153275
0.2058620871976018
0.21164533868432045
0.213533622212708
0.20745075400918722
0.21262743137776852
0.19723323546350002
0.18711622431874275
0.21735109481960535
0.2234305962920189
0.20753070525825024
0.2044981336221099
0.20599139109253883
0.12412618100643158
0.19138671457767487
0.15923241153359413
0.20847333315759897
0.2059043264016509
0.2071610176935792
0.20739225391298532
0.20772809628397226
0.2055162936449051
0.2072062734514475
0.2051668046042323
0.2114103864878416
0.2079697847366333
0.20619135815650225
0.20724618807435036
0.20755010191351175
0.20537194143980742
0.20687097124755383
0.21029196493327618
0.2077776612713933
0.20641730446368456
0.20906281657516956
0.20717226900160313
0.20552863832563162
0.12020271830260754
0.19014373794198036
0.16058281995356083
0.20631229784339666
0.20635217148810625
0.21232104394584894
0.21236798353493214
0.20816833805292845
0.20529470592737198
0.21775973588228226
0.21981659810990095
0.20563072059303522
0.20192144066095352
0.21452465280890465
0.21891608834266663
0.20892670936882496
0.20217050146311522
0.21853083092719316
0.22278263326734304
0.2064589224755764
0.2061992334201932
0.2044799393042922
0.20589531026780605
0.20423160027712584
0.12328522466123104
0.18876844458281994
0.1557529168203473
0.2072350773960352
0.2048339368775487
0.206346501596272
0.2105913609266281
0.20803199149668217
0.20508155412971973
0.2076168078929186
0.2050107903778553
0.2155183767899871
0.2178351990878582
0.20877961162477732
0.20602251961827278
0.20694793574512005
0.20857090689241886
0.20801573060452938
0.20990618783980608
0.20578075293451548
0.20299966633319855
0.20785270258784294
0.20651998836547136
0.2023028815165162
0.1456523183733225
0.15230652410537004
0.14431284088641405
0.15005621779710054
0.14859305694699287
0.14882103726267815
0.14866645634174347
0.14939330704510212
0.14703976642340422
0.1480761021375656
0.14814083464443684
0.148663729429245
0.149732387624681
0.15039260312914848
0.14893875923007727
0.15145801194012165
0.15354461036622524
0.1499593546614051
0.14955360908061266
0.14862483832985163
0.14587838482111692
0.15866409987211227
0.16126738209277391
0.14858482219278812
